2677
4231
7017
8139
1680
3411
7899
2259
4268
8290
7387
4715
3497
1794
7389
3077
9426
7334
9241
7767
9297
9878
4444
4978
2659
8712
7079
371
1926
6228
6876
8797
6168
7920
8967
372
3250
1840
3131
8259
9773
8086
7510
4281
5216
6085
7044
1762
4177
5358
8977
3329
103
2030
6906
6101
6943
6129
2128
422
9251
3769
9037
4491
5574
2726
957
871
9849
9044
3361
2307
5037
5310
5494
8495
4764
8493
2687
5365
3487
5550
7583
8734
4619
8115
8248
8119
6568
9269
1677
9442
1570
7155
9447
6258
5688
6782
4856
1191
9137
2286
2391
3141
4142
5164
8915
4674
8938
8853
8228
4101
2383
5226
1689
1884
8399
7501
1757
2969
8337
9683
8720
5894
7558
8439
4367
5655
938
1014
4111
980
5919
8172
1283
1984
8987
8295
4233
7768
6725
113
3611
9394
5108
1045
3654
5773
4691
9365
5611
1880
2981
7523
177
6977
4627
8339
7490
312
8037
9754
5931
59
6040
9077
6775
4014
6737
7680
6191
3443
1904
4202
1663
12
8385
5312
4511
1189
1666
2772
9223
3248
3550
978
3167
5122
9348
2976
5541
121
7226
4461
8109
362
9392
2959
2951
2154
8677
4006
9182
1019
7621
6542
9250
2028
7433
4287
4249
77
6892
3891
9730
2552
3094
278
4248
3454
1554
2074
2293
5903
3173
4018
9856
891
4669
1847
7129
527
8861
5396
2942
7063
5140
6106
4356
9311
3726
3613
8502
5174
3160
8243
5426
3277
665
7246
6104
3456
5821
5208
2536
6873
9260
7285
424
4103
7342
6827
4075
1516
949
653
1325
2955
9121
9617
6468
306
4123
3831
3368
2777
3980
2932
4809
617
8377
1633
8729
4891
241
7572
4548
7388
8644
6077
9977
2102
5549
4124
7224
6184
3149
144
4495
5381
5840
876
9663
9161
5509
231
8927
8432
9142
3235
8890
6820
5997
9653
4235
185
36
9868
1412
4169
7800
86
624
6356
5484
9564
9034
9877
8858
3403
2033
5999
465
2226
5389
3296
5298
6884
4798
8114
1259
4007
2991
5192
3779
8429
989
5273
5659
264
2923
1613
2830
4795
7055
7004
605
950
5739
2115
973
5048
3962
9060
7340
1405
6971
5924
6498
9506
2713
2782
7326
2725
5489
5073
9794
5938
2403
4750
8595
4359
2689
8007
1853
1177
738
3047
2427
5260
1787
3143
6783
486
7998
4628
3534
9811
5141
4485
1785
9897
8503
1719
3677
3875
1519
5925
6703
3210
5877
8666
6956
5098
2858
8909
6869
4981
4945
9449
827
197
4424
6861
4949
5503
30
7943
8843
3749
1517
5650
6521
7089
6889
5406
1457
4782
6150
5752
9925
5694
8221
8846
2236
4167
1601
1386
6508
992
1050
654
8379
4726
657
4533
9019
564
4823
6605
1458
8166
5379
7637
1868
4344
9874
4343
5897
7311
478
6438
6377
8200
3579
1319
2652
9243
6907
9383
3935
4073
7755
9829
5241
2227
2651
1635
6577
353
7422
5100
3216
1394
1329
9472
6177
9657
2735
7549
929
431
2329
9682
462
5128
3511
6871
6546
8186
1640
9615
918
714
8304
8793
3540
3650
2646
9767
1796
7868
7851
3576
4690
1282
6917
8821
1864
9650
366
6299
7145
8467
7980
4644
7722
383
9295
228
2039
7769
3200
6693
8313
8269
6386
6669
1733
3503
2410
6965
4028
8867
9487
1482
3357
5391
7486
4436
6643
2972
2086
8611
2466
5756
1353
3513
9211
4962
7372
6216
4025
61
2110
6537
7999
2910
4067
8940
7739
975
5329
3908
8153
3531
7642
6851
1504
6487
6684
6961
5508
210
8598
7866
8637
429
1278
7301
7006
4081
6460
5093
6727
9305
5943
9604
8194
8691
8358
8663
6170
8623
1977
4341
9479
5193
4318
2393
8877
2103
1469
4310
2665
3607
8839
1345
9793
4438
6788
5158
661
5339
3954
7042
7861
5348
5843
9332
1392
8273
8025
4190
5785
3845
174
2977
2625
4307
3644
612
7385
1159
5735
1158
6966
3546
879
4125
1304
525
2141
4157
6766
51
2035
1182
2119
7643
4411
1190
2638
9513
7336
2737
7756
8218
87
6912
9809
5523
6230
6856
7987
7142
7867
3632
8336
1300
2248
6978
3918
351
9510
8305
4077
5593
1188
1106
9950
2588
5296
6167
245
3014
1202
5985
5247
5280
9846
2891
8426
293
6362
9246
6378
1583
5579
5129
9932
2997
476
4502
1054
6900
599
7390
1967
5562
6300
6485
5685
2722
4137
6431
8092
2804
3245
7198
2483
1973
6001
2424
7676
4219
5856
3710
6220
7060
5878
3839
1346
3729
7636
823
208
5859
7762
7036
8261
9290
63
2484
9068
6552
8951
201
9720
9065
5547
4246
2001
3161
8723
2560
8060
6832
8900
7906
267
341
5559
2518
2812
9108
2612
2430
3239
8870
2436
1758
4200
6082
3128
2988
5311
1144
3001
7100
5948
4742
5983
2381
2632
6859
3829
600
1547
1240
9851
4904
4455
4761
6872
3630
3270
112
8747
9567
6569
9409
3778
7939
2120
2640
5111
2314
7975
7484
3064
7731
9828
2216
9114
5674
3481
8639
6298
1813
6396
8832
7395
6346
2123
9197
4114
6169
2242
9883
5063
5624
7666
2607
7877
5163
7018
3647
3410
7207
726
1628
3889
2911
4165
3134
8039
5669
5829
9414
6830
4263
9272
8873
2353
1289
667
9921
5675
6773
530
6198
636
6948
1175
3034
4036
334
968
6707
3986
5372
7316
8719
8436
9165
3213
6629
1506
2214
2489
3263
5306
8625
1882
4967
8787
3490
8057
6942
5989
2945
8575
9031
4734
3462
8579
1634
8577
1894
2905
955
5722
2487
9854
2663
1726
5326
2757
6540
6355
6860
7791
3362
1526
9797
9040
9435
1860
6335
66
5194
9607
1575
2399
3548
8881
6928
563
1769
3667
9011
5388
6079
4179
6915
7362
4834
4868
9787
9125
6575
494
5630
763
4677
8935
9783
866
7243
9103
9891
6650
3108
834
4899
7150
4313
4326
2092
4305
5151
8501
5438
1940
2042
3869
6373
2899
604
3233
925
9419
2321
1053
9736
1800
1523
3021
1569
5807
7752
9595
4684
4697
159
4681
4317
3363
9427
2244
3255
4024
314
6424
9750
2084
9790
8075
5726
6695
7062
9523
8773
8431
8181
4162
8532
7874
6945
5776
8068
3024
8053
6063
2561
5170
6321
7197
8911
191
320
5493
6916
4647
981
4969
5711
5964
8845
9646
9012
4138
3756
3448
4985
1965
8675
9909
5883
7098
6348
3391
5700
8342
3723
6658
4602
6594
9562
6454
517
4918
1131
7049
8490
3049
5731
7792
5001
4076
8281
3147
4624
914
9433
6913
464
542
6621
2455
5513
7569
9452
9331
8571
9319
869
234
8829
4804
106
3681
9281
1382
2363
9085
915
9102
1488
2730
529
2525
707
8950
7002
2520
2564
4895
3721
7545
8491
8160
2240
1995
2400
1602
5637
1780
4837
7029
7719
9492
9106
9685
3280
7287
1695
9536
6123
3265
9900
8238
3593
7261
2859
6630
1698
6233
8082
3104
503
4643
6206
4757
355
8627
8850
5617
4660
7113
1979
6929
9191
2187
8084
2595
4369
6539
4346
2678
545
6738
5519
8561
4631
8947
3604
2698
3577
6531
3571
8245
8246
10
5507
2009
3175
133
496
1121
9722
3073
7917
9684
6911
1702
9266
7504
2133
9677
1824
5571
3857
9757
9222
4150
2051
3372
1007
1430
9519
7051
7071
2422
7407
3810
8506
4930
444
9768
4065
1983
16
7728
7382
5980
6277
7996
7630
8961
5661
8754
9301
428
6425
2159
4713
4486
8407
7888
922
7232
3040
3573
782
7674
2884
1195
4642
1899
8500
6606
8070
8970
1705
179
6360
7174
2585
5481
4898
5680
9279
3424
5945
5993
2519
7687
5261
4427
5476
9924
3543
1267
4907
5335
2298
57
5095
8621
2078
1994
9363
4855
928
2799
243
9227
8120
510
5824
2007
5795
6078
781
6223
9958
152
4207
6809
9628
6307
6192
8508
9483
6309
6925
193
5266
3825
433
9670
6032
4280
2301
5868
4390
6936
8128
2173
5996
2720
7031
8289
3198
9282
3123
80
7717
1434
904
723
1415
2366
1781
5212
493
9821
7087
3467
5742
9573
6761
4173
9184
7525
3109
5230
2022
8835
6387
7096
3150
1671
4139
7524
4558
2170
5734
2771
1339
4011
4784
1335
1479
5199
1696
7761
7230
1128
7896
5573
2139
5373
7234
9838
2609
7623
812
9907
3276
9713
9872
6381
5411
6610
3806
5386
4857
2930
2673
2188
5977
4880
4005
7351
1772
3231
7611
6331
7624
3452
5390
1334
9939
3496
7149
8539
4467
7354
2925
8851
7606
1869
3874
908
4012
2764
1525
4659
5662
4686
1294
9808
7736
9983
9236
1661
5285
572
9402
3524
7441
8000
1660
1136
1261
1804
3926
8551
7778
9208
4008
2958
5747
7048
1223
4017
753
5209
3558
8197
9599
9314
8880
9556
4570
2129
6405
6270
6057
8419
4238
5423
8795
2982
5733
4127
1297
8322
9978
5640
2233
5908
8107
3268
6616
3458
1029
573
1494
7290
4116
6544
7376
2879
4765
7168
1058
6037
4766
2420
5696
2223
7547
8362
7816
4406
9458
7268
6666
393
6779
9511
1042
6160
6471
3072
5214
692
2370
2376
9870
3518
9274
5233
5629
1478
5965
5986
2881
2105
669
9002
6156
4886
2974
8486
1203
9902
8396
5969
4869
8424
4596
5103
5150
4526
1933
3945
7061
7977
5320
338
5665
5740
8283
4953
140
4089
920
8188
4671
6970
8962
6409
2297
62
9528
3426
3631
2507
3683
6072
2808
3451
4663
901
1056
1898
6064
7812
213
2886
2639
664
5841
2454
8779
9368
3019
3797
5276
717
7278
6296
3449
5670
7786
9400
7450
6781
767
9315
6659
1545
5836
1063
5053
7438
8110
2254
8369
48
534
1542
6649
9051
750
9514
2667
5973
9381
9289
2346
4349
3506
6234
94
4133
1877
9996
6787
3208
9258
4293
4524
5132
798
2013
4393
8052
5695
9413
1555
361
7595
5107
3272
6111
2574
9160
8142
7266
9745
9799
9945
1135
3545
2684
7837
5147
9005
7064
7924
8278
111
6991
528
7972
5028
7518
4493
8113
6154
7788
3338
47
1093
8103
8966
734
2769
9639
9656
8993
7648
8799
4725
9618
1724
5367
6144
1828
4820
5811
2794
2528
9021
1263
1518
2742
7134
1173
2572
396
837
7789
4324
8291
5008
5084
7754
1736
3240
9574
5505
1349
7902
3408
2287
104
4468
762
5814
4472
6767
7046
769
1561
7997
9042
7379
9647
8104
3937
7435
1735
6371
4222
9488
1114
3460
5412
9583
6021
2100
9672
9954
2055
7430
4087
395
4612
4457
4597
7296
9446
3649
8530
6046
9343
6226
2508
3068
2429
151
3307
3063
9478
7734
4041
3356
5979
3084
9226
9278
1578
6020
5382
1369
5553
4708
7576
6688
1416
8525
747
8011
8387
7822
9971
9707
958
3300
4738
9238
4321
5957
1122
8216
701
9072
7027
1588
1039
994
75
5461
85
9610
8201
8988
8655
9825
6174
6113
8946
5689
1080
947
8672
2201
1706
4403
110
999
5871
6555
4271
8865
2392
9896
7082
7144
4896
582
8203
745
7418
4443
9358
2847
6231
6137
9304
8317
508
6361
6019
2635
2451
9940
9590
3475
5355
9135
7852
4030
644
1822
7410
345
9179
9038
1930
6665
1364
1957
8300
4946
5022
8889
5336
8448
3764
1162
8776
2798
3027
6283
7053
8382
169
5029
5068
3733
9025
6799
4775
9739
7644
1615
1915
5862
6389
8924
8569
2840
8736
4395
1714
9467
4141
5087
7203
2342
390
5564
127
8211
8733
6473
1112
209
5981
7281
1528
2461
8979
3752
3771
540
6136
8061
3827
3664
8618
8610
131
5916
899
5614
6224
3984
5002
4129
273
9886
309
1256
4412
1493
2203
6121
2655
5054
7380
4822
4045
3492
6717
7950
9928
6376
27
9420
7619
1527
204
3267
9183
8969
6556
1069
6366
9490
4155
7132
6120
7766
4205
7038
5690
7247
5478
1103
8136
5349
1659
24
1236
685
9579
354
6958
5901
7458
6278
2566
1332
2686
8434
2909
1619
8953
4508
7585
1810
2788
2482
4423
2262
3796
7696
1636
2790
721
8164
4745
8067
2409
8891
1765
336
8582
682
3476
9731
4762
9715
6689
1079
469
8738
4187
1118
286
6518
6007
5759
2729
8391
7632
2316
1887
8411
5044
7519
5231
1258
4431
7883
4741
6625
8451
6484
2453
31
1474
6593
6171
9140
6802
1917
8886
9546
8328
8004
4434
5110
9366
8998
2962
1541
344
4979
8593
825
3580
6374
9962
4607
2894
6841
9428
5126
4266
4131
4354
3920
9775
8415
6423
8091
1566
7023
1562
4064
8126
9603
1166
1272
1530
3105
2783
360
1836
8144
9036
6504
8869
1928
4554
3384
3731
7635
5071
8217
7392
7167
5563
5486
997
1669
1245
9193
3500
4386
6368
8095
7467
3385
2633
3290
9786
4029
3214
8454
5833
415
5104
6491
3288
7218
3230
5516
3028
8111
2616
3656
4814
885
6704
4894
2818
3590
4685
6882
7080
8180
4054
2421
2650
1890
6163
6985
6797
2137
9810
902
2695
2025
7818
3871
5716
1580
4914
9141
6252
7669
2066
8457
347
2919
9047
9588
5600
1790
5153
6445
1573
4859
1592
252
3358
6632
7306
4916
7772
3156
4035
5414
2005
7919
8234
5166
8520
6367
406
4780
8612
6350
5057
239
959
146
7093
8205
1826
6103
590
6461
9655
9075
3505
5184
7294
4510
4163
4719
6173
8340
5468
7359
9035
5069
6972
9544
9444
690
4147
5469
3976
7695
8485
4892
1180
232
9164
5465
1712
826
335
6271
4928
3095
268
1268
3193
2621
504
7332
3264
2232
1612
7025
1595
4325
5668
8461
9255
8418
8823
3786
1463
7131
9769
8649
3633
6410
6205
6710
9090
2284
8378
4709
1428
3707
7690
9630
2431
7171
1779
768
2180
7312
7161
8167
1946
549
9776
3728
6225
9252
3794
2825
1475
5854
416
8854
9496
1145
3152
3826
6980
3850
4934
7072
9719
6801
8220
3669
1792
7497
3747
598
4781
1664
4458
3371
8788
8263
7878
7556
1036
9995
9174
6748
5313
4653
3135
2912
2045
8699
2873
592
3996
4952
7686
9687
7314
4593
817
616
3183
4180
5775
446
2435
3600
8208
1186
2590
8475
1617
8849
3528
143
5378
6452
7708
8210
7672
8402
8665
7886
7948
6273
2364
3445
1830
8540
6465
9048
7560
9339
3750
8658
1439
8700
8673
9987
777
1786
6130
522
420
2865
7617
8458
7836
6238
6638
4523
2157
1863
8174
9159
8767
5085
2304
326
7412
1293
3541
8127
6805
7578
1704
9752
4929
2065
6303
6081
8100
2531
696
2274
8859
5664
7401
2197
1945
581
3658
820
4112
8740
2352
4378
3623
1692
7565
7495
8781
8093
3495
6642
4314
6525
5361
3570
1399
8772
6013
19
4479
4417
1252
6975
5322
1148
4352
5062
5834
5774
6747
9445
9979
8683
2264
7773
1444
7460
8014
7317
4074
8713
9028
8230
9629
1848
6100
9847
9762
7077
3127
6798
8601
8213
6711
2003
1520
6215
5809
9869
3538
7172
7003
2094
7426
9865
1476
4309
7349
6760
5966
2927
5798
5228
4926
7143
1459
9547
4419
4381
6795
3444
9457
8124
1100
4019
7013
3293
8312
6609
211
8913
1738
7953
6849
7932
8383
2592
9837
2486
8152
9968
6004
9551
29
4120
632
128
9086
368
3587
2594
6122
8354
3030
8169
6675
3090
1390
2271
3493
68
2325
7260
9109
2941
403
909
6541
1347
2156
7321
2863
5991
9026
4559
6421
8676
2792
7873
6320
1373
4361
7454
9371
8794
8073
4340
5618
419
1768
8785
4652
5345
7758
6249
4070
8265
623
9705
7222
1755
1511
9303
3509
2111
5801
9347
102
2219
552
1832
6664
758
6618
2238
7070
8724
2500
6466
2109
6538
7214
346
6401
2313
2701
7343
6903
163
5077
3777
8453
8844
877
8252
880
5788
8728
6051
2402
3441
5160
4720
5109
3662
4459
5172
9024
2509
2446
7365
5115
343
9984
870
7434
4693
706
9692
4992
505
2947
6036
5201
4366
5227
281
4023
1556
5009
3412
2345
1606
863
4216
2499
4328
9207
785
7448
7101
3844
829
5511
3885
2532
250
5923
4707
8965
9602
2365
4664
5056
2892
6250
6263
943
1681
4332
8077
7180
1387
22
1139
5955
8642
5420
9285
5323
65
5887
3997
8837
2300
4402
4984
4368
9641
2683
8616
2709
2339
8602
4071
988
5607
4613
4460
6246
9167
553
602
2839
215
860
6435
8477
9861
7641
2146
7723
6881
7682
3261
289
2591
8661
7718
6315
2249
2315
1323
9105
3101
7667
5872
6035
6008
5531
8768
1253
1436
3284
3367
7563
5927
3691
1793
4839
1817
1740
5506
3185
8716
4409
2059
6138
6413
4204
7115
5544
1366
3682
8141
3705
2759
5676
4825
2
1763
2178
819
9622
2131
1374
6663
296
2082
1361
1003
9600
2984
1534
7109
1257
1233
1963
9261
6457
5646
9881
8143
5543
5375
1215
2780
645
6644
1242
1754
5972
2320
9753
3746
225
9059
1630
524
5450
8380
9594
1645
584
3834
5229
539
5333
8830
3341
6567
7286
931
1954
6729
5770
9597
593
6824
4553
8412
9673
70
4638
8140
4316
8932
7468
9470
5431
1974
8769
9015
7553
6668
5013
6755
4168
9912
6938
186
6676
1407
8624
858
1010
7259
6053
7282
3809
9000
4338
4270
4648
8805
5921
2681
9620
7775
9218
5852
3510
6208
3398
2631
6480
5906
4851
2856
7944
8409
3838
2980
1243
9774
8693
808
4156
1244
8980
1673
8280
7335
3000
9841
4082
7512
2378
7123
691
4874
8887
7711
4404
3459
2168
4608
454
8227
226
3767
4881
1744
8650
4518
1409
9232
7729
1655
6660
4588
4197
2917
8403
4223
9645
1718
2485
8986
8116
702
2693
8517
1465
3722
9500
4759
8926
7443
1101
5780
4911
3609
7106
6422
7688
7698
6786
4903
4143
5338
1238
7921
5971
9815
3535
6874
9448
4919
2204
8697
6282
5751
5721
455
5542
3334
4986
971
9180
2654
5881
3115
2741
6146
1
249
8302
6815
3224
1935
2700
138
4425
2349
3273
3700
8177
8554
9636
5
7995
7713
9312
677
8762
7280
9406
8804
9020
9992
3302
4797
9716
7348
8971
8515
9443
3228
6652
7835
4925
6336
755
5632
5937
3171
4754
1429
4629
5567
3849
5257
6855
2605
9805
3376
2576
9885
327
9561
9380
7581
2020
3386
9946
5483
7065
212
8351
9422
8314
2085
6982
421
2165
6132
6608
4292
9918
5188
8690
6067
8585
276
1891
3909
8954
2473
7956
5560
2936
3417
6379
4622
4712
5672
678
9122
7456
6014
2964
5092
7795
8102
6933
2224
4257
4418
6974
9943
1154
2598
9880
4519
5623
4482
3595
5585
6432
8145
3804
3638
2600
3065
5620
4779
4537
495
6152
1199
1167
5520
4166
1623
474
6383
3125
4735
3155
4530
9785
6677
8884
4483
6744
2257
4130
6776
7733
2755
6197
537
882
6006
4507
3917
7012
3634
6062
2989
2480
6796
4118
1113
46
5743
1586
6334
412
7889
8097
6721
1075
7531
2234
9792
2217
843
7847
3501
9410
6098
6393
2199
3504
1116
4527
9299
5102
3012
287
9742
7447
3480
8943
2083
8974
3008
1462
2579
930
5352
8871
9532
8326
2438
8478
4818
8450
5499
7639
933
3279
3521
5718
5898
4650
5272
5124
5060
7092
8287
6304
3537
1207
7211
1047
5167
9286
2568
7587
1368
7926
3840
4532
7599
9990
4302
6349
1237
1611
7912
2017
9130
5663
2277
6835
6696
6364
6828
6095
8555
1147
5888
6626
2948
8066
148
7784
883
4465
4897
7582
2081
139
5781
5392
6463
3348
6614
5587
473
9634
7120
7670
1172
6044
6893
8207
8333
1883
2724
7472
436
9853
8046
6429
6149
9680
8251
198
4796
3520
3305
4088
1834
7457
4447
5221
9393
5067
9598
9276
4115
2275
7810
2359
5978
1231
3187
6731
7579
5548
3801
7346
4290
5822
569
1548
7831
3285
4771
1503
3209
1929
7099
3881
6866
2440
44
9608
8741
2897
748
6639
1693
3178
8777
951
2311
8863
6131
3110
3420
5113
7880
8619
6217
8308
6380
3516
6646
6195
6002
9382
4295
5514
3526
7229
7751
6527
8916
7200
8417
7858
3848
2900
7602
6502
2317
2182
2183
8154
8770
822
5532
441
5473
8288
5429
6702
6843
1851
4582
1814
2608
7322
4670
3973
2880
7446
2601
5681
2732
8992
1227
6274
996
8692
4852
9499
2449
2450
105
2924
5634
575
5990
1924
3877
1550
7058
1081
3953
485
9480
7891
8910
8609
8381
5813
4503
3852
3823
8981
4595
3162
8721
7209
805
7720
3275
2541
3236
8629
2457
9265
2968
3310
4621
9118
5786
3765
8726
8765
1620
8344
875
3679
8421
2062
7608
2950
1952
1210
2267
157
2340
2848
9464
859
4551
2472
5464
6957
9589
9751
9913
7437
2704
7185
5301
310
3559
4445
4244
5130
3347
4846
6003
9972
2502
5027
3088
4188
761
8031
2147
4662
1812
3955
5248
4811
1265
813
4108
9662
3282
6159
5952
2979
6967
865
8695
4339
3202
4220
4038
9342
401
1142
6803
969
8937
4097
1119
4000
1420
4565
5628
414
9119
6641
3316
9586
512
8534
897
620
5539
2452
1844
2069
660
2189
3205
7770
2437
9993
1591
4260
2768
434
2671
5455
5631
613
5580
2191
5368
8480
9697
8559
5410
470
6770
7780
8204
3951
6850
5512
2828
219
8543
7238
2888
7283
7907
8751
8271
4950
1105
3287
8648
5909
1985
7862
8708
3051
2691
3484
7299
3972
5552
7584
1152
8371
2104
2258
206
6128
2004
776
2762
5219
2175
2550
4710
6533
7483
7453
6694
9644
4959
9350
4577
6905
6673
1421
3057
731
3787
1064
3219
1605
7994
6392
2546
9675
3983
501
8703
3792
6091
9688
916
7777
4801
9796
1760
3438
905
6792
1647
8422
4716
4512
2734
7897
3032
1088
646
1500
4487
4506
4206
3406
6459
5521
631
4171
6420
565
1700
2377
9388
8895
7699
7649
4189
1776
6690
5844
4490
2155
5178
5954
2019
9779
5748
7015
2926
4890
7107
6397
5319
2130
4841
3793
8709
3081
2589
2642
7196
5270
9679
1467
1707
9143
9310
580
6260
7909
7844
5222
5594
7573
1968
7231
1784
3332
8578
680
9867
4555
7631
7011
6244
3994
5203
4574
7476
4333
8783
6791
2292
9696
2192
8096
4617
5341
923
7240
8195
4783
1383
3113
1068
683
8533
2521
2114
4466
2629
3824
4370
4161
3628
9411
5262
9980
2416
2310
9131
4380
2061
4680
8264
7386
7561
8743
3530
132
380
8898
3592
1964
836
9200
2038
379
9096
8363
5202
5297
8499
8021
2516
34
9866
5159
2544
4571
4698
7305
1958
4513
7537
8996
8654
1992
1226
5779
6530
92
995
7473
1778
3855
6178
3174
4737
483
4975
1510
2478
7275
9570
369
7872
8368
9418
6587
2999
6135
2458
7308
1194
806
634
9555
1728
2171
7444
7137
7424
456
687
7124
5064
328
244
6107
6172
2841
135
7860
2902
8645
2270
6990
3815
5020
8705
6102
2186
4545
3952
8904
443
8535
203
9966
8573
9004
2218
544
9239
4987
88
413
9826
8496
4164
1731
5424
2126
4319
7427
850
7461
4536
7742
7842
6440
9215
6954
6339
2575
3164
5963
900
8395
4924
5006
2116
9485
3035
1529
7192
3567
6117
1235
9390
3133
9294
118
8899
627
6272
2656
482
3322
3666
5026
5404
1732
1129
1340
9189
7603
5636
1450
8800
1589
4525
7320
1947
5502
5072
7597
7753
6188
5926
101
5055
1981
9407
6857
2195
1404
6388
1849
9674
6812
9154
5440
9765
8185
5771
4609
356
7743
8013
7451
2250
6043
6212
425
7264
251
7309
7208
6245
466
4229
6564
7183
4509
6880
7067
8008
2079
1326
1477
6953
1921
7929
5956
5275
840
3122
967
7593
2765
5920
8505
389
9404
2710
9056
7934
6052
1937
6056
732
6236
1809
765
8388
5032
794
3950
9576
9325
5842
1683
4350
7811
6751
1505
9981
7091
4703
1990
1846
1174
722
6823
3828
730
6736
1030
480
3639
2107
5421
7938
8064
377
3003
8784
4889
8487
2070
4937
7021
5860
8470
3868
7086
4440
238
5648
6302
9117
6952
4908
2613
4633
4906
7853
2855
2733
3575
795
2946
729
4600
8332
3977
5142
5703
6472
73
5641
8827
8005
247
3795
2283
4887
1855
7725
3366
8855
2548
3053
3425
3608
8786
8373
5653
1275
3894
6745
1264
6450
9369
4213
9178
2623
7016
7673
7475
2222
7538
8018
4090
8742
3974
789
9963
4428
8519
3799
7634
4966
7431
7823
8122
2152
7915
6503
1417
5762
2207
6116
9476
5578
9345
625
8622
3732
6920
5449
4296
619
3373
7298
5953
1438
9354
2774
1508
9638
2820
3693
3483
9254
3076
4844
568
490
384
3718
6636
6599
948
2041
7677
7199
666
9529
4392
9107
2537
4475
6280
1419
7692
4
8923
7162
6119
4817
1385
4264
8353
9338
4838
3359
6615
4667
3103
2323
6700
1214
3735
5205
2198
8914
9760
1574
6833
7158
9732
536
1766
3258
1315
1031
4940
8731
1496
7830
7333
1411
8504
9497
7223
2675
5816
4941
7164
3298
7464
1408
5277
7271
9550
475
5417
2229
3009
6385
7216
2327
8473
7331
1086
4575
8276
1032
4626
8034
6692
507
5458
7423
9612
9134
3959
452
2361
4284
5706
3286
7876
9726
8791
8206
5642
2824
5644
873
4420
4787
1953
3168
2405
3553
2637
3253
307
3365
257
8440
5692
9998
5851
743
6312
659
5741
2875
7406
1066
7377
6780
3146
236
365
2551
7360
1955
342
5049
1285
2047
9089
9367
9718
6898
3695
3350
9559
7069
4599
1686
6522
1206
2915
1255
9857
7498
8366
2719
9486
7715
6631
6585
7066
6456
5074
8897
1350
4456
3676
6241
2443
220
7959
7741
8802
3056
9203
987
6232
1594
2583
7908
2404
9087
4573
8906
15
297
9010
1865
3702
3489
7076
7685
2235
3963
3833
6778
7188
8536
8878
4730
5732
4226
5019
2738
1723
7160
4544
3204
740
6733
8401
9949
6955
5470
3661
9548
751
4092
5453
2796
2556
2510
1422
5792
2523
2954
5619
3704
8934
5497
6295
7974
9088
8617
8912
5223
5452
6997
5738
1665
8051
2456
5992
1179
9671
5155
5351
2547
3220
9153
2481
7654
6235
240
9195
9247
1491
2562
8498
8755
4847
2477
9078
1521
1357
2716
7102
8674
4496
1688
4383
7727
7325
1802
3242
5534
4714
5408
8083
499
1441
2887
4965
3145
1037
802
43
9225
3860
5436
9606
8995
7184
712
8963
7345
502
4872
2750
3532
1205
4752
1950
7870
6553
6740
3320
733
3395
6256
5239
4450
5244
4580
8035
1782
4020
4858
8274
8599
2048
5873
2970
1585
1317
3440
8003
8331
6080
5243
6983
8079
8596
9099
5540
6186
3640
9190
9609
579
8507
4389
2845
2994
9318
7703
9875
3598
3033
7213
1649
3709
9129
894
457
1044
8847
3991
5498
8364
4224
2098
7571
1322
7277
5687
438
5191
7481
7757
3585
2273
6412
8394
6406
2586
1549
2746
5031
556
4432
2439
3930
7923
8819
4055
849
7627
9271
2237
6140
1057
1596
6657
7170
888
188
5007
7126
5024
6944
1829
5599
7284
2479
8374
7241
8633
3674
5793
2829
2705
4954
2849
1694
3843
3360
9502
2463
633
1717
2975
972
6408
1337
1879
6848
727
3808
2426
1737
2784
4521
189
3987
9840
9906
3394
9698
5238
4049
4793
5004
6846
8866
237
9451
9138
8763
8497
3539
4534
4727
7903
5011
9323
8262
6476
6162
1658
3249
8184
775
6443
7927
1870
8357
8293
9512
6838
3876
96
8512
2176
8437
7804
5318
7737
8722
6592
4236
9264
3969
2934
1018
4932
5944
2901
6326
4182
5292
5034
9587
9157
2903
6338
9658
3932
4481
9788
2225
700
1431
3252
5415
772
8162
4384
7963
2024
8425
325
4299
5712
3641
6402
6573
4973
1211
7887
9710
4072
4585
265
435
656
5677
991
5566
222
4976
8638
453
1857
2135
1132
4083
9170
1842
2944
4777
1184
6651
6291
5204
5157
1876
2983
8029
4862
1835
6750
2343
5268
1423
6330
9
548
9678
168
8365
4824
7373
6157
3706
9244
7679
4675
6306
391
8488
4360
9919
4215
5998
6481
6509
9482
9915
6310
7796
2397
481
2163
7662
3469
2961
5827
5968
4776
4416
8028
3512
221
856
4394
5370
6517
2610
8856
1624
2527
3013
4303
74
4107
7790
2602
7616
766
2539
9712
183
4211
5790
6877
6069
1656
98
3455
9884
3321
7890
2872
3690
9916
3069
4982
370
5684
4864
1970
4408
8272
500
7358
9439
4654
8042
8444
1452
8592
6096
5038
5865
9144
5658
6844
1072
7716
8513
5639
8214
4228
7267
8241
4400
7574
8893
8469
4488
9168
5697
889
5294
1212
695
9749
1001
9043
1662
2785
4990
5340
7402
2149
1512
9533
1934
9957
7469
2395
874
3170
2749
642
3247
2056
2253
4405
4601
11
571
2221
4913
7785
8131
6453
2243
6222
7854
4883
6494
224
5309
8511
7509
6566
2167
7589
8430
1359
6345
3151
4252
3751
7108
927
718
7295
3195
8033
1109
90
6635
6407
5488
2057
5987
5933
4637
8526
6415
5185
7398
6357
3112
5763
7564
5357
2335
3982
8088
4514
4943
1490
3062
8702
910
2826
134
5845
7318
3862
9194
6963
7970
463
84
184
1795
6016
8244
3514
1988
4620
2470
6774
8509
2468
4789
216
6811
1936
7075
9833
117
308
3409
2295
3716
3589
7612
4788
4021
6253
8576
7330
6125
7052
9888
9461
7797
4193
388
4748
8231
3355
3569
5572
6680
8048
9690
1637
8347
5144
1997
6143
5123
5030
7863
2433
6181
7885
5328
6579
145
1464
5849
2587
5015
2247
9965
7935
3404
9578
8446
3309
6073
5040
7626
4912
1679
3326
6221
6722
9711
3519
5302
9041
2256
8826
6086
8670
3618
7350
7409
1962
1017
5869
2580
1716
350
6831
2885
9804
8620
1720
2606
375
6535
9743
3685
6369
4711
5046
6039
9694
8662
1218
7474
7609
8841
557
7781
5021
1668
4556
697
2866
6819
3684
5982
3099
4812
3154
8049
7588
3351
6141
3619
1091
4802
3206
8589
9219
3314
7671
21
5023
2501
4337
8883
7367
7693
1013
6523
7496
5284
9770
9074
6698
7960
5510
6604
6023
6836
9210
679
7628
7969
7697
2289
6662
855
2611
8087
2836
1903
703
3349
5187
1751
7253
7007
9234
1146
2380
651
9554
3761
7482
8255
4039
1418
7859
8806
5086
4056
8587
3413
497
838
2567
6344
3878
3153
411
7182
2161
7515
2699
5757
3400
4282
1239
3565
1331
713
2357
9424
6681
5810
1169
7313
9994
7084
5984
1745
4497
6732
1678
4348
3340
8179
171
7651
2462
4516
4827
4121
448
8334
5501
4308
6482
9206
5169
1034
7709
4583
5819
4159
3551
7339
3142
7445
2058
6337
6049
7721
728
4849
2692
9245
7968
5864
2276
5601
3624
3005
4550
2294
6825
5288
4250
8343
1094
5444
4429
2803
6047
8471
4799
8324
4355
1850
3522
4657
1083
615
6418
1077
9985
7037
586
3254
3578
4694
4315
3017
7984
2181
2996
8631
1192
1330
9100
2465
5893
1059
1120
6524
676
2603
3269
1687
5654
2497
711
2200
5456
2978
8036
3402
9507
2021
3651
3130
9063
4732
3605
2388
3919
8556
3377
3346
5445
5583
6712
8370
4279
8564
6403
1171
3396
4666
3803
520
9172
4063
4373
8905
5137
4221
9518
9717
4651
7265
3979
9158
274
1393
7187
6734
3339
3004
4920
6462
6227
5332
839
5818
5168
5622
5118
7383
9397
5018
3297
3617
1397
4265
3910
3816
8348
8466
8510
8157
7658
5463
1626
2382
5942
7492
735
4854
1568
1893
260
8875
9889
1200
6549
8359
3291
129
917
8864
2779
6637
9259
9997
7771
9344
175
4267
7905
5279
5316
4842
4877
8360
4678
4821
7978
8607
9553
6026
266
32
427
3399
583
302
6837
7910
3584
1453
9543
9126
8653
4298
2360
9076
2213
4816
2664
551
321
2417
7946
764
9635
6201
4136
807
7272
1644
5491
4214
9831
6757
9643
6986
1650
7034
5278
3527
6730
3552
3687
4790
386
4589
4902
9173
8168
4541
9920
1961
4689
275
3730
2920
7552
4013
2511
6813
491
5395
6558
7235
3563
4388
7779
9132
9596
746
6764
4840
8808
5828
7760
8651
5496
7417
6194
9975
2617
1783
7966
3121
7826
3757
6713
5627
8542
596
5769
83
1750
8242
941
1885
5936
6904
50
7116
2014
6922
4833
3119
7922
3882
4312
9859
8032
2907
6319
3583
5439
7057
5180
2918
983
2302
7117
2202
6867
8191
3901
2469
7442
1138
7815
6563
1675
977
2723
8292
6061
1742
7022
5364
5134
2355
1748
3968
3836
3080
3789
7678
3627
6908
7505
3802
7620
3556
8546
2748
9405
4119
5075
2044
8547
6030
607
3364
173
8584
6864
1991
1324
8298
8296
2842
7559
1690
8815
9267
2939
4997
9003
5959
3473
4094
5433
1515
7166
6395
2986
1771
4453
3435
6885
7522
233
1536
5350
3811
3653
8978
8129
4047
4763
919
5149
37
2810
5679
7014
4616
5584
170
5582
3981
610
2676
1856
3244
6640
4955
5590
4563
9778
3814
4878
3698
9738
1597
3397
7838
4721
7369
7570
4134
9240
1187
4744
6070
5366
3830
5317
3780
2688
158
1110
1949
3036
942
1938
3671
8405
9848
8664
7546
9023
1907
6179
1073
5050
5220
9798
2064
3602
5179
3415
771
9454
5805
5156
9465
3776
2630
7843
8929
559
1067
8118
6996
1487
1087
1815
6497
4098
6112
5914
3429
744
2679
6187
7074
4184
7660
8879
3517
1134
6720
6229
9947
9071
8316
2821
1571
1024
6950
3947
5471
6164
3922
2582
8792
6118
7706
8327
161
199
5976
4059
8984
8999
9605
8522
8427
1725
3734
4989
7990
4078
1201
9601
2372
1551
9273
1371
6758
2555
3873
6817
3813
780
8942
9162
8479
8717
2075
6190
4183
3098
3223
3211
4033
9873
6583
5369
5198
1642
5242
4058
7881
9309
5428
7169
3601
5234
8531
3007
4905
6257
773
574
516
9525
8572
7807
2245
8149
2834
9356
119
2145
4262
7118
7577
8350
9346
8516
2921
5173
7748
2379
3686
8055
6806
5746
6718
2398
2952
1008
6946
8798
535
7288
1625
3736
618
8307
9082
6536
7787
8356
8023
5121
5171
4547
5870
9469
6976
4956
760
6202
4535
8108
1895
9955
2324
3502
4865
5730
9091
6516
1234
9337
4186
5025
2728
2995
7702
8223
1424
6653
2889
4358
4104
9761
6005
178
5918
6923
8892
5782
675
2467
7356
1000
3430
5245
8660
5235
1281
8968
460
3784
3450
9951
5736
8233
315
1839
8983
1292
1327
9481
8361
1608
8192
6099
7513
9540
1433
8054
4464
2634
7499
8580
1168
5308
5076
2127
3405
2760
2309
263
5283
4736
7337
5930
7303
4963
4972
2949
9033
340
8903
8686
9552
3166
4135
5033
3911
7819
4227
8838
4247
5744
1590
7591
8112
2408
8428
5016
4396
2143
7633
6297
3675
576
3306
4866
9292
509
6483
8874
4342
3668
8538
20
1811
196
6919
3318
7204
9835
3724
23
6311
1160
4792
5017
585
643
8834
6763
2542
6784
4603
2718
8707
2077
3427
6292
9018
4500
6547
5259
4700
2811
7130
172
1313
5265
1269
6853
5472
5826
2160
7511
2122
6318
374
9185
8059
708
8922
8562
4435
7436
4772
3294
4160
1287
8671
6265
7478
8757
7
8156
8604
1217
2471
1375
3879
9326
277
9361
2205
5466
2685
8990
2336
792
4306
2837
9560
4958
3295
3775
2144
8158
8159
4410
3594
6066
7289
2706
5848
655
1982
9054
1316
4230
1920
3818
3354
7846
6746
6329
1125
6574
4974
6108
6529
7396
7297
4528
7931
4867
9468
7146
2492
5517
9333
4668
3388
5399
7094
6947
7901
9964
8392
7157
3243
4297
5327
8714
5321
4170
3957
2015
376
5127
2184
4437
2767
4145
3025
4740
3622
5210
4749
229
5274
8414
2350
9591
6352
6682
9812
4109
1759
5837
5861
272
6305
8199
7173
9967
2940
3766
6726
9850
5526
5447
7659
1470
9493
5196
100
622
3861
2747
4999
9209
6269
6992
8321
6428
4888
445
2089
5626
4199
3625
6890
7242
7341
6207
2973
555
1447
8944
4649
7397
6365
6749
2929
7357
2781
3387
6439
4046
7019
1739
3708
41
1222
4948
976
6612
4245
7776
816
3529
6973
7764
5612
514
4255
1889
9460
3699
2776
9803
9632
4960
8682
9484
1854
6578
5766
7732
4760
8492
5817
9116
7212
8809
5145
7141
7110
7009
5850
7516
3890
2743
9462
8813
853
1701
5714
5112
9832
1097
3308
1709
8948
3023
3672
4564
8902
9611
9233
8606
7508
9904
9248
9052
3464
6262
4805
8817
402
1157
7245
9545
3898
9557
531
9575
7534
6313
2385
8235
8183
9864
5252
8256
7269
2333
8232
8643
6988
2680
6921
2151
3636
7228
9527
2164
7220
3867
4415
1941
4922
6213
8689
3048
6918
9616
8605
120
2515
1577
7485
9935
9709
2754
9953
3045
4957
8163
8789
8474
3692
1320
3066
1025
3482
5581
1560
8774
6924
4234
14
4843
4362
2832
1033
7491
9843
6090
248
3864
940
3486
5890
9146
4645
9171
9434
1426
6048
8090
5535
3754
3905
3232
8816
7008
3289
4688
8384
558
9648
7257
4050
5097
2822
1871
7370
6314
6011
3946
6242
5853
1455
7338
2374
3934
4539
1821
1026
688
7536
7542
5651
3899
5533
953
8920
291
2877
8857
6771
9706
258
6028
9901
7304
9934
1150
6622
6038
4927
7111
8494
7078
4813
9802
5360
8170
7186
7855
4566
3375
4996
595
9092
6753
1435
6251
5518
2093
2368
9150
2026
2513
4901
3915
9764
3819
8069
4144
2766
6888
5913
9123
3381
9166
3805
8782
3312
8222
8137
1220
9563
5337
4634
990
3763
1078
1098
1117
5135
9931
53
1799
9378
8985
5569
4061
8294
8010
7526
4241
187
9391
9104
6139
8193
4452
3663
7730
9871
160
4489
5218
8759
2787
3335
7684
8657
3888
9425
1344
2491
5527
4365
5232
9175
5643
2661
7177
1043
6301
5917
2464
4723
6875
2150
7005
6475
7653
6571
7394
2002
358
6667
387
4815
1164
8279
4181
417
5079
8591
9340
7415
6607
8632
6031
9213
5088
4552
638
2895
2212
1163
8824
9585
6145
2072
1181
5707
1543
5161
9960
9758
1819
1082
3657
2272
7951
3995
6075
1099
2615
1672
410
301
5915
5749
3188
9408
4060
2773
9181
6093
1095
8462
4146
1582
4879
4105
2503
7801
1354
5400
8597
4863
8483
4413
7353
7532
854
4353
4329
7746
8957
8400
6433
3343
4961
5666
5039
8338
3906
7227
3645
5905
1489
7125
5727
9357
6742
2857
1752
3897
5806
5720
9230
4399
8766
5264
8872
5359
9101
116
9558
791
939
9531
7323
9032
9624
7494
4095
5286
38
3345
9187
9908
3328
3970
6687
8550
1155
5960
8822
8151
8936
5402
8704
8801
2384
4931
3416
2844
961
2125
9613
9681
3744
3471
5606
4198
40
7121
8275
8433
1927
5896
6949
4208
8748
2624
6211
5946
3886
2906
9050
6384
6895
9520
7665
56
6341
835
515
5384
5778
1061
28
6754
9027
137
3865
108
8215
4301
5538
107
3421
4254
809
2319
6327
3207
1333
658
9989
6022
9097
7640
1607
9372
5342
5592
8718
3925
1221
305
6094
1727
1241
8247
9784
7366
4330
3215
5393
7139
1861
1302
5950
6674
5708
4578
3038
8320
1040
9145
1351
7904
126
1363
7249
5443
5490
4991
1358
8698
6126
5602
4611
7841
1749
6151
3046
5419
4768
8438
9453
1816
7414
9649
4767
1296
3895
1532
803
614
4096
8447
3075
985
5012
5287
3790
6968
8481
3194
998
6464
7179
6993
2011
519
2672
1280
1734
4717
1901
4291
300
6613
3061
2308
2751
4835
3800
1084
1225
1631
8325
797
8043
9504
4259
8730
8330
2348
1414
7255
6960
2814
9524
7374
9526
5932
4785
9080
7302
9415
5495
7104
5613
7821
9235
3870
6426
6455
3436
5882
5143
6909
3428
6209
4372
8918
6353
4421
7829
3807
7470
6024
1878
1208
6600
5096
8586
4269
1747
7449
5884
709
9800
2669
935
3159
8270
6204
7151
4604
7740
5003
7814
1395
7655
9327
3181
115
5176
4032
4335
9395
6500
5376
7544
8209
2763
9385
5803
9204
1454
1232
9328
6448
1912
1618
4942
8931
2280
6294
2046
8669
3380
471
9436
8608
6045
1193
79
4480
1456
8882
399
7607
2797
4327
1913
404
8226
6404
4079
1389
2800
1972
1022
9336
8123
8464
779
8868
7986
8196
4085
9463
6561
2660
9801
570
4636
349
6333
1651
8094
4334
4549
8989
9944
218
9127
3610
123
6490
9341
8727
373
1944
9220
4769
3737
7279
5710
9120
4832
533
2071
3225
6133
269
9637
3106
6910
78
2196
4351
6416
8745
2211
7528
9661
3382
6534
1115
8807
6437
8960
3313
4499
6790
9417
3701
4830
4773
2299
9387
1276
3975
9894
9855
6590
5671
9704
7646
9291
3197
9013
6548
3596
2992
5005
9396
8549
7941
5616
5061
8099
6934
7217
6878
2406
7763
9619
8818
9782
2604
5353
1052
1874
7942
6261
9335
1209
1133
1381
8026
4022
2628
2584
9231
3938
1905
844
4433
3324
1005
6588
5588
3303
7979
7463
5281
1916
9275
3719
5377
8925
3574
6865
7502
6701
3739
7605
8553
8393
1507
2266
4722
6214
4610
7050
1939
9263
1697
7884
6058
5729
2956
7652
7154
3079
432
6325
5398
2636
9623
5183
7656
8552
2648
5536
4494
4473
5101
2097
5475
1338
3582
8398
1230
2153
9084
5305
4304
6025
9214
7293
1270
4606
5042
4110
1485
9999
4640
7493
6883
2517
8335
9045
230
2031
4462
6134
9262
5347
6247
7930
5215
1803
8568
7202
7952
1859
1183
4091
4057
4676
3572
136
1360
7614
5492
2512
3772
2291
9819
5767
7105
6324
7440
4172
9139
1998
715
4347
9817
125
459
8237
1881
7507
3259
381
7869
437
8468
8574
6981
2206
4515
6153
9212
1262
3221
4829
3562
8796
6964
5116
5961
1311
5678
5105
2228
4106
4375
2577
7156
7097
9961
7543
9969
8319
6862
3525
1610
6340
3581
8410
9370
7848
3422
8588
2394
1919
2993
5904
6807
1362
6219
5271
5427
3837
7090
9055
7783
526
2662
2029
7689
7827
6648
8928
818
7803
1872
2960
2239
8656
3315
9703
1996
9686
7580
9133
5437
5354
1443
3203
6486
9062
9549
5051
6210
3738
1756
4140
4401
833
1801
673
9253
5047
3616
3026
4683
6519
9905
7554
7533
4476
8297
5768
4702
255
5610
2162
5874
8518
8750
5656
3020
2358
4505
1170
4278
591
6390
5314
1486
8752
4218
7032
1897
1284
8901
8050
648
2442
4605
3508
4154
190
2113
6939
1318
566
3086
3029
893
7794
523
2027
5799
440
4469
5197
3948
253
3660
82
6879
6602
1055
6489
7147
7479
2445
2425
8085
17
3620
4240
1923
3192
4739
7782
3317
4873
299
7221
2871
8972
5146
1306
7638
5474
5603
5846
9351
5962
7466
5425
3283
6495
1858
6794
2268
9973
8239
8852
8482
6834
8933
7856
99
546
6814
4592
5304
6647
9329
6054
7178
5346
195
7416
5777
5723
9188
3477
2736
3835
9353
9858
3586
2823
9664
756
1722
2344
6584
8386
1341
7914
3714
8212
6719
6343
7236
1461
3463
6071
2908
4478
752
9362
8178
6526
4397
4225
2493
4274
3985
26
8831
5487
3071
5608
7215
1579
6474
8150
7487
5577
4774
2288
774
6557
4755
3689
1198
3374
9066
7530
1956
8081
8711
2305
3333
6218
6089
5237
3770
1638
7175
8544
114
4806
4294
3851
9665
1552
5633
4449
3129
8548
7615
5344
662
5625
5555
2596
5764
72
7291
2805
9842
2136
2896
699
7239
5200
5575
2124
6842
9755
8647
7163
8994
9359
966
8739
1089
3943
3648
6554
1049
7368
8810
8416
8820
5418
3903
6854
6268
5043
6259
3158
2290
166
2558
7152
5876
332
2269
3096
5758
4289
1807
6887
2597
2172
6891
8634
8646
6601
3603
8071
8803
9083
7033
3132
6065
52
6603
7567
2913
857
5812
5589
4591
1558
1888
3006
1639
55
7248
7645
3042
7364
9903
5561
303
7833
7083
1308
2702
1563
6520
3011
9534
49
9057
18
7000
7045
5081
6414
5699
2087
3856
639
9163
8964
6183
1711
867
6279
892
3037
7273
3201
2281
4598
6858
7219
9822
2179
394
5892
5136
2334
5797
1299
489
3536
3659
1837
578
7459
984
4015
814
2731
398
2285
1825
7384
5725
4995
1764
3629
9668
6351
907
1403
2581
674
5787
8019
1538
8667
1502
872
8445
4042
1599
4733
5891
153
2312
378
279
5724
1773
4572
285
6254
9614
2530
4921
2878
9733
8138
2850
5190
7871
3942
6276
9748
2707
2666
1305
9747
4655
1646
9771
1581
7020
4562
7707
3453
5181
8165
9007
9592
8975
6451
6789
3939
4665
7119
7900
7274
8614
9766
7465
7566
2194
8894
5783
4696
9777
3344
5331
3614
329
6633
2882
9199
9352
9128
295
4391
8406
8038
5649
830
450
9879
1348
333
9237
9734
3990
60
4542
182
6941
8976
4971
4923
626
1831
1980
4964
7201
4113
3958
9970
1806
3781
8240
1918
7256
1797
7112
7361
3547
5554
1365
4086
1185
5059
8848
2441
5307
2626
577
5250
9416
3323
5598
8688
2641
4520
8684
1060
8404
7059
4336
1741
1922
4729
3246
1911
7551
2883
6818
2752
4786
8917
1629
6328
6161
8630
9813
9930
1648
1432
4407
3117
6551
4870
5325
1989
832
3542
2073
5175
3560
9475
5709
8420
1271
259
2876
6597
3085
4758
9049
5525
6596
2890
8885
4915
9737
1875
4751
6447
7324
9360
7618
6580
9660
9580
4590
6752
9455
5591
9293
9169
7399
1011
4706
4687
1266
710
363
5717
7001
9201
5789
2138
4153
1906
1535
9818
588
6411
357
3929
9772
2806
5249
2389
2514
1140
1838
1598
3568
5557
724
4747
2578
5125
6589
2252
13
1509
5907
2498
9494
8006
4031
5597
8921
5912
1833
5645
6543
2255
587
1023
2148
630
7774
8715
4614
3637
1841
5719
9039
8523
1676
7270
4983
5291
5660
6507
2647
9155
6514
5911
9228
7879
9256
5217
1035
8257
8680
1006
801
1931
1248
8225
8076
5975
6715
313
8105
7840
3169
2387
2846
7128
2356
9198
2874
4148
5416
9917
3165
9702
6288
1616
6550
6897
9073
1472
4037
6446
5430
194
2018
1960
5835
4543
6741
6714
3052
5189
3144
2697
2649
1497
7413
9070
2816
8529
8746
9676
2643
3050
6237
3515
7894
1153
6927
10000
7749
5106
3136
8346
4052
4196
5165
2494
7895
3352
5010
2330
1410
8558
2209
9192
1866
5213
2230
5551
8952
5480
8173
5635
3971
339
8749
1377
4066
1473
3485
6470
2761
9941
7820
1540
2998
9403
1016
6147
6243
8045
7527
2185
7973
3923
5225
6012
262
5704
6705
2369
3966
884
4185
8833
8015
5621
7420
6576
7568
7993
6449
672
4275
4810
2540
7575
147
1442
5863
3177
9836
4414
7962
2338
6467
4093
6076
845
5570
352
4277
2657
1622
7425
4909
1531
58
2670
7983
3694
9081
9942
3741
1522
1798
5857
1715
282
8098
2538
200
5120
4699
7262
9839
2815
8355
284
2231
1721
7381
1481
716
9727
9988
5255
8476
8958
8309
5177
1246
7258
2008
8640
7661
4003
9807
4656
8080
8306
9111
3102
1149
2795
2432
1978
2817
3727
2524
1910
8345
8267
6969
9781
9113
9440
2475
7808
9541
4800
3788
4641
1448
409
852
8452
2444
8041
2898
7949
3
9956
5609
842
4808
3978
9398
7043
9789
3266
6255
6322
5374
4371
2526
214
1932
5784
9830
442
4701
6735
5457
8941
2893
331
6671
4679
3060
9572
8062
4893
2534
8888
1730
2916
290
2827
6290
9714
6699
5537
4151
3097
2653
337
7675
8258
2010
8352
6634
6287
6097
9952
8020
1279
2006
451
3336
8790
6434
7712
33
6166
6852
5595
6595
2396
1976
6110
9495
7056
9374
6739
8825
4251
8249
7088
896
5693
6083
3597
467
4594
5407
1402
3100
3907
5477
757
1090
7225
7148
3319
311
9926
3621
7310
1614
3967
4850
8408
9156
6185
9221
8072
6175
5401
5698
5334
3378
3401
9814
2296
1398
786
3758
4448
7913
1123
7400
898
3635
3325
7529
9515
7165
9509
5409
2132
2375
4243
4756
3872
1062
5091
9652
54
7875
8016
7292
3474
9364
518
8687
2260
5967
8463
1310
6034
9249
7138
7965
3148
511
3022
5922
477
7352
7650
4374
3964
6155
5755
5094
405
3432
3190
4002
5939
7738
4158
324
8323
447
426
6347
811
1372
6286
906
8557
2696
5387
2407
1343
1564
5479
2802
1713
9386
9823
9893
3642
4672
1020
1498
1076
1309
6060
1770
155
5832
6930
5880
9633
6685
4560
3472
3673
7724
3222
5753
8812
3591
4845
4051
3924
1495
8600
963
6289
7586
2938
2012
6370
7276
6840
547
3437
4322
6661
5269
6266
8919
3093
6994
3157
911
35
1643
3311
1670
1513
2843
1176
3791
2326
9863
2727
2415
7503
7750
7933
5422
4947
6935
7081
1703
3914
330
4053
7936
681
6458
5240
7035
9067
3988
3544
9882
6000
8135
7629
3092
3859
5036
2791
9521
2953
3083
122
6375
294
6759
9321
1708
5823
6068
8044
5686
7604
5211
7375
9058
4273
8443
8056
621
1130
7817
9666
3041
562
9756
6010
2413
3884
6240
1440
7898
2261
7047
6114
1576
8027
4586
3478
4345
8389
8282
6165
7159
8268
9216
4084
3762
513
6762
924
2928
9459
8565
2708
2770
3892
7981
8229
9911
9566
8435
6591
847
2775
2714
4567
7825
8250
6785
1667
1557
1141
2644
9477
3785
4933
3670
348
8694
8524
8997
6478
3446
3257
7539
5459
1971
647
4728
881
1468
7957
3688
2419
8341
69
2971
3163
1401
4212
3561
3933
6645
3218
6055
6469
4201
9701
4695
280
3369
9046
6444
9741
270
9224
3304
8148
5546
3180
7421
3566
800
2318
3091
799
4331
9923
1621
3812
5820
2210
6886
7958
6479
6808
8121
9288
6505
3212
4584
6627
3854
1948
4794
6816
5995
7028
6182
3176
6962
2106
202
7404
3442
3989
5082
6239
1307
2347
3031
7701
9287
9537
8991
5383
2322
8175
4900
7961
3271
796
124
8376
5195
9659
3798
7735
5867
2158
5895
5815
8583
9938
6027
5343
4439
6180
2401
7103
3138
5808
4504
5847
364
1632
7726
4861
3612
2864
162
382
5482
790
4831
8537
7916
6829
2080
6845
637
5138
3820
7828
8973
4561
2091
5403
3993
5754
1427
2193
601
5638
5454
9316
3414
6926
9621
7471
6937
8696
719
3466
2036
4875
3846
2434
71
561
4803
5830
2174
6074
3921
7668
2618
6691
3331
2054
5485
4442
7378
4853
4272
4743
2090
6009
684
6275
1178
488
1852
180
5330
8545
4581
1051
2460
725
7806
4258
6847
8472
5791
4988
5586
1352
7550
9300
6683
8058
7133
3759
9296
7095
8286
7371
960
154
8541
1367
8641
3773
4285
635
3912
2414
2571
5713
1843
9795
5528
4463
3074
6998
6342
2053
6870
609
720
1584
3841
4531
4034
1909
4062
4288
6196
2557
1038
8628
9283
9229
9268
704
8063
2190
9474
1092
4203
7040
1774
1251
4276
3931
944
739
8956
9721
1437
9376
397
8758
4944
2411
868
1254
1820
5530
804
318
3039
164
1260
6419
4122
5761
5522
9302
2095
4618
3817
2853
5556
1567
8012
4209
1484
4917
4195
6501
9375
3847
8423
1827
5246
5152
1451
1021
5267
3753
7839
2545
8949
1691
6176
1137
9852
7700
9746
7535
8613
8171
9202
7300
1553
4938
5224
7030
7610
6995
9816
5800
4860
7664
4311
6989
4517
8668
181
543
3407
9959
1892
1065
2505
4451
5524
4770
4977
7865
9791
926
7194
7135
2265
8375
6488
3054
9379
742
449
6248
1336
7411
7251
95
1471
1896
3256
1565
1216
4724
5154
5080
821
3606
6029
3949
7488
3936
9280
1295
8908
4232
9933
9466
1943
4102
8563
109
936
246
3423
9501
7991
4569
7189
4625
3434
6391
986
2390
5750
5910
4828
9498
9689
2099
6281
3043
9860
3523
5148
2739
4994
4286
1027
2813
1314
7140
6506
3002
8224
3554
2965
3832
7419
848
5435
2037
4498
9508
5315
4192
1161
2140
974
3712
4632
8959
7989
6628
8560
589
3227
6084
6617
9763
2569
3678
9898
8285
8310
4807
9708
1600
8455
6810
9530
6656
7954
6901
1250
4673
8636
7244
4217
608
408
8603
3140
8659
8390
9887
1379
3330
6015
5941
2134
7845
256
4885
3643
2278
5988
4876
6189
9982
2459
945
2263
9016
9976
8521
9257
6765
1355
472
2793
5934
7085
4546
7428
9844
4615
4646
641
292
4529
4441
9974
8527
5090
5256
2914
7622
4387
5371
7982
3439
5683
6582
1291
2622
2904
217
4639
6686
5099
7691
3491
1609
4152
6951
9910
7195
3431
6
9149
1156
9431
9094
2809
8570
9437
2529
3237
9029
9834
1124
9320
5879
5186
1544
5772
1111
5448
9892
4363
2423
3479
5324
3470
3507
8089
3337
831
5058
7024
9205
6899
1514
1789
9324
6756
8744
5737
3745
694
4191
6772
6697
3696
9728
6477
8367
2101
7714
6709
9186
7205
1012
5728
7971
9631
2166
2807
3196
5289
8842
668
5866
1886
2000
3913
7892
8074
7517
8930
2744
3557
1908
9735
6728
1288
7393
606
67
689
8836
2987
9824
8862
3044
7805
7704
5929
3342
7237
2682
7452
9626
9569
9693
4718
3499
6581
1413
6017
8594
9430
3703
9780
227
1862
4939
9700
4004
3697
9421
2599
9522
5691
7405
7363
6800
8132
3015
9876
629
4538
4026
6931
6142
3182
8939
6984
4470
7834
2112
8678
9450
4027
2933
932
3016
3465
5251
952
7893
1657
9177
3299
7590
5052
903
2495
5804
8078
3902
1492
9503
5667
1959
2619
8465
3768
6624
5133
439
9691
8047
9017
4557
1046
8219
3999
1197
1559
9845
2367
5405
3116
6619
7663
3390
9922
5994
423
6430
5760
3533
322
3711
298
7850
9384
7964
4010
2032
3389
9429
1342
2067
3433
8311
3941
7073
3058
8449
6894
64
2354
81
6105
205
2711
2447
8907
3238
461
9373
912
5380
6398
1753
7657
4791
3292
521
828
6511
1002
2351
6777
3447
418
498
1867
8459
7439
1015
4568
3680
8065
979
2246
9022
3992
611
7557
6115
6332
1298
2117
8161
3137
9441
4587
3082
4194
1425
142
2362
8528
9438
3900
5657
367
7625
5041
6493
3184
2861
3940
4630
5951
3965
9593
9330
5886
8002
4871
4261
8
4471
304
1761
271
1805
8022
8737
7114
5397
2220
323
3383
2565
6708
5545
759
9098
5958
8982
1328
2854
1301
1603
6999
2049
4474
3564
5615
76
1406
7480
7937
6560
7432
1604
7122
4044
9542
9505
6317
2488
7136
319
4753
8778
895
8182
8811
6148
5652
5263
7705
9401
7647
5083
4300
7315
5858
2838
2745
6358
8775
1993
7176
2108
7254
4128
7592
4382
6285
3652
1674
5702
4398
8301
6598
9667
7307
6743
9577
1286
6323
8566
9806
4376
6354
9654
4970
2593
6441
2549
970
2535
937
9724
5293
9093
7793
7520
846
4009
5432
6987
223
8372
1219
887
2943
5940
2717
824
3713
663
6092
921
886
8652
9640
3588
956
4283
9334
2789
3059
9914
4175
6088
5139
9307
5565
9535
8484
2694
3126
6670
1699
7127
7799
1627
6839
4048
6399
8277
1537
7514
5131
7745
1143
686
532
9389
5838
9948
3262
8761
7992
7813
7403
4576
7955
6436
9298
5682
1370
2306
91
1951
4477
39
6200
4692
7555
6372
5070
5902
8187
2016
4998
1229
235
2043
1391
9516
2504
8024
6804
5460
1126
8514
9929
9115
392
2614
3646
8253
2620
3488
5899
6316
4705
5504
3998
862
9412
7319
7940
603
628
4256
1041
7429
6087
5928
9136
8780
3070
8413
3217
8176
1987
8701
6528
5515
8397
1096
9895
3078
541
4579
1654
3393
7010
430
7967
6400
7988
6821
3229
2331
3327
1685
4778
4522
2869
9277
2088
4069
965
8134
458
4935
3956
3251
788
3087
5875
9284
3717
754
1499
2833
6496
6532
554
8254
8828
1818
7506
649
9151
8101
2721
7694
9568
7462
652
1273
6611
1004
8190
5035
5796
2573
9827
3241
1460
6158
934
3928
5066
5434
2282
7328
7882
670
2241
9729
5356
9471
6940
864
6914
6678
2328
2337
7945
7263
4357
698
5253
6654
2208
9991
9317
1303
4540
9625
749
6050
4635
7598
7153
5889
1653
7681
5089
7039
165
550
3226
1321
9061
2819
5839
4454
6382
5362
3281
5114
3139
2627
4731
5673
5394
8706
6959
8626
1213
7521
9565
3392
9699
93
1900
6308
5117
815
9008
1247
1587
176
6793
8125
2957
841
8764
7193
5467
2645
3896
2506
8955
1641
9740
5451
8489
3111
7562
8814
1071
316
407
5000
6199
9355
1196
3549
3853
1791
9432
1710
8840
9538
3626
5206
2142
6586
7391
3760
1969
5576
1533
2966
3883
8442
2860
9014
8147
8236
4623
254
8017
2851
2428
4149
1746
8133
2251
4100
2868
479
2554
9937
6559
9377
7857
594
640
9581
8299
8679
538
400
2490
6716
2386
2867
946
8685
261
9744
6724
7489
7500
8315
1966
741
954
567
2052
5825
4658
5119
7455
5363
7976
7054
2371
8155
6510
45
4884
3457
737
3419
1028
7601
3191
2373
2668
9651
4040
2831
4377
778
6059
4426
4951
5236
7710
8260
9723
736
4430
3461
8760
3725
9306
6570
6018
1204
2215
4239
8284
2985
1449
5295
2279
1873
9308
793
2862
4364
3107
2476
5385
7252
7250
5065
7600
6868
8130
1151
4253
8876
6723
9759
1102
5207
2922
1682
1228
9642
2169
8001
4826
1376
7765
2703
192
9112
3018
3916
9899
2756
2658
5745
6284
6512
8635
8318
7206
1070
2332
1823
3893
288
6427
861
359
5596
2786
6826
6394
8681
8349
5974
1356
5442
2034
4237
5413
9582
9147
993
9124
6109
3740
962
4043
9030
1108
4126
5935
650
784
2096
4848
487
671
560
2715
6492
5462
150
7802
9489
5900
283
6513
3880
3379
317
8732
7928
7925
5500
2522
8202
8329
9517
770
3615
9176
9986
7477
1378
3720
5701
3067
7540
3353
149
3199
7809
1009
2937
8441
6442
9349
7408
4379
5855
5254
2543
4176
3944
3114
2496
6620
4174
7594
8266
1249
2931
8735
4682
6363
7355
1902
6515
9242
9695
4320
8567
7344
2563
9725
8106
2740
2935
5604
9473
7541
5258
1388
8710
5303
3961
6679
4001
1767
1107
1445
8009
3172
5045
890
5446
8615
1074
8945
7613
3418
7068
7832
9627
6655
3120
1788
6863
1808
9152
5162
4210
6706
5014
4968
8456
5885
5705
6124
913
4484
2063
1446
9456
9053
5300
2050
4132
6565
2963
9079
4178
8030
3782
6041
6768
4746
2177
2418
8581
3118
1914
9001
9584
9539
5299
2341
1224
810
4819
1925
4242
2967
1999
6932
9571
1777
1104
6979
8753
4446
7548
4016
7596
8460
141
3260
2712
7329
3863
6672
4836
9862
3555
6623
2474
4422
3748
6127
7233
42
3960
9006
1480
1483
5647
2690
693
484
9069
2553
1400
7747
9009
4385
3858
1942
3498
3927
787
4661
8860
2412
3866
783
7798
5949
5831
4501
7947
3821
2559
6033
4882
1743
2990
9936
8896
8198
1593
2068
6293
3904
2448
4980
207
3783
2121
705
3743
2801
8725
5290
1684
2303
9110
3655
5078
9927
2753
6417
1384
6359
3186
3010
2835
8189
3055
1380
1986
2118
2852
2870
1165
4993
385
878
3755
4117
7744
8040
3189
7041
5529
3842
9313
3822
9669
6896
964
8303
9423
97
130
1274
9890
7824
3089
982
1975
1729
4910
6042
2674
3494
9095
9820
1501
3234
7191
4323
7181
6264
25
1775
9196
167
4936
492
2778
4099
7683
3124
3274
1048
4068
6572
3887
5282
597
6822
1312
9064
6769
3665
6193
6267
468
7190
3599
2040
8590
1277
4704
6545
3715
6902
9148
1466
1127
5765
9270
8756
8146
1845
1396
6203
9322
8771
156
4080
1539
1652
1524
5441
5970
242
7327
5182
9399
7210
1572
506
5794
3179
2570
2533
3370
7911
9491
7026
7759
89
2076
851
1546
4492
3301
1290
3468
2023
3742
6499
7864
5947
2060
6562
3774
5802
2758
8117
7347
1085
5568
9217
7918
5715
3278
5558
7985
7849
5605
